spawns:
  default:
    world: 103d1a99-6632-40eb-afbd-5c1dd7fc1110
    world-name: world
    x: -81.04333405462702
    y: 177.0
    z: 55.15898663793347
    yaw: 69.4405517578125
    pitch: 5.050104141235352
